year	sampledate	month	daynum	avg_air_temp	avg_wind_speed_1m	WaterTemp	IceYear
1999	12/15/1999	12	349	-1.989	2.342	2.652090909	2000
1999	12/16/1999	12	350	-13.46	1.936	2.351545455	2000
1999	12/17/1999	12	351	-13.47	1.253	2.018727273	2000
1999	12/18/1999	12	352	-9.96	2.376	1.980363636	2000
1999	12/19/1999	12	353	-5.483	4.193	2.148090909	2000
1999	12/20/1999	12	354	-15.23	2.907	2.246545455	2000
1999	12/21/1999	12	355	-21.24	1.147	2.162	2000
1999	12/22/1999	12	356	-21.05	0.896	2.144454545	2000
1999	12/23/1999	12	357	-19.12	0.821	2.146272727	2000
1999	12/24/1999	12	358	-12.95	1.261	2.199090909	2000
1999	12/25/1999	12	359	-4.961	3.031	2.276	2000
1999	12/26/1999	12	360	-8.35	4.272	2.278636364	2000
1999	12/27/1999	12	361	-11.92	3.454	2.278181818	2000
1999	12/28/1999	12	362	-7.62	2.62	2.286272727	2000
1999	12/29/1999	12	363	-0.713	2.939	2.325	2000
1999	12/30/1999	12	364	-6.095	1.751	2.32	2000
1999	12/31/1999	12	365	-3.148	2.722	2.318909091	2000
2000	1/1/2000	1	1	-4.752	1.462	2.304090909	2000
2000	1/2/2000	1	2	-4.441	3.442	2.332545455	2000
2000	1/3/2000	1	3	-5.043	3.071	2.338454545	2000
2000	1/4/2000	1	4	-10.68	3.557	2.332636364	2000
2000	1/5/2000	1	5	-13.86	3.025	2.341727273	2000
2000	1/6/2000	1	6	-6.958	2.804	2.358727273	2000
2000	1/7/2000	1	7	-13.34	2.228	2.356181818	2000
2000	1/8/2000	1	8	-6.124	1.353	2.365181818	2000
2000	1/9/2000	1	9	-6.205	1.947	2.365909091	2000
2000	1/10/2000	1	10	-0.251	1.505	2.369363636	2000
2000	1/11/2000	1	11	-9.57	2.374	2.359545455	2000
2000	1/12/2000	1	12	-15.47	1.339	2.356363636	2000
2000	1/13/2000	1	13	-11.06	1.032	2.361181818	2000
2000	1/14/2000	1	14	-12.2	2.099	2.360363636	2000
2000	1/15/2000	1	15	-4.081	2.326	2.366272727	2000
2000	1/16/2000	1	16	-13.89	3.136	2.364090909	2000
2000	1/17/2000	1	17	-10.78	3.789	2.363636364	2000
2000	1/18/2000	1	18	-9.46	2.191	2.367545455	2000
2000	1/19/2000	1	19	-13.93	1.101	2.364090909	2000
2000	1/20/2000	1	20	-19.3	1.26	2.366545455	2000
2000	1/21/2000	1	21	-21.82	0.654	2.363545455	2000
2000	1/22/2000	1	22	-14	2.464	2.366454545	2000
2000	1/23/2000	1	23	-17.33	2.262	2.368727273	2000
2000	1/24/2000	1	24	-15.3	1.355	2.371454545	2000
2000	1/25/2000	1	25	-12.47	3.177	2.367545455	2000
2000	1/26/2000	1	26	-13.84	1.889	2.348181818	2000
2000	1/27/2000	1	27	-17.38	0.321	2.316272727	2000
2000	1/28/2000	1	28	-15.9	0.495	2.301090909	2000
2000	1/29/2000	1	29	-15.02	0.351	2.296636364	2000
2000	1/30/2000	1	30	-10.08	0.72	2.305090909	2000
2000	1/31/2000	1	31	-6.388	2.258	2.328454545	2000
2000	2/1/2000	2	32	-8.78	2.425	2.353	2000
2000	2/2/2000	2	33	-9.06	2.394	2.330272727	2000
2000	2/3/2000	2	34	-3.292	2.25	2.351272727	2000
2000	2/4/2000	2	35	-6.32	2.765	2.363363636	2000
2000	2/5/2000	2	36	-8.59	1.983	2.346090909	2000
2000	2/6/2000	2	37	-9.47	1.684	2.326909091	2000
2000	2/7/2000	2	38	-9.15	1.557	2.346272727	2000
2000	2/8/2000	2	39	-7.43	2.712	2.328727273	2000
2000	2/9/2000	2	40	-2.462	1.757	2.361636364	2000
2000	2/10/2000	2	41	-8.78	2.028	2.363909091	2000
2000	2/11/2000	2	42	-17.48	0.777	2.343909091	2000
2000	2/12/2000	2	43	-18.79	0.732	2.309727273	2000
2000	2/13/2000	2	44	-13.57	1.468	2.320181818	2000
2000	2/14/2000	2	45	-13.88	0.969	2.318454545	2000
2000	2/15/2000	2	46	-9.17	1.748	2.327272727	2000
2000	2/16/2000	2	47	-14.19	1.635	2.341727273	2000
2000	2/17/2000	2	48	-17.14	0.969	2.347454545	2000
2000	2/18/2000	2	49	-7.39	0.573	2.351454545	2000
2000	2/19/2000	2	50	-6.133	1.582	2.372	2000
2000	2/20/2000	2	51	-4.125	1.647	2.382727273	2000
2000	2/21/2000	2	52	-2.665	1.215	2.383	2000
2000	2/22/2000	2	53	1.238	0.682	2.374545455	2000
2000	2/23/2000	2	54	1.418	0.816	2.381	2000
2000	2/24/2000	2	55	5.028	0.82	2.380272727	2000
2000	2/25/2000	2	56	5.168	3.693	2.291727273	2000
2000	2/26/2000	2	57	8.31	4.187	2.450636364	2000
2000	2/27/2000	2	58	1.246	2.279	2.476909091	2000
2000	2/28/2000	2	59	1.253	2.656	2.522181818	2000
2000	2/29/2000	2	60	8.25	4.097	2.600818182	2000
2000	3/1/2000	3	61	-0.79	3.854	2.622272727	2000
2000	3/2/2000	3	62	-1.862	1.941	2.688181818	2000
2000	3/3/2000	3	63	1.894	1.27	2.781818182	2000
2000	3/4/2000	3	64	4.12	0.7	2.92	2000
2000	3/5/2000	3	65	4.579	1.546	3.017636364	2000
2000	3/6/2000	3	66	9.36	2.489	3.124727273	2000
2000	3/7/2000	3	67	11.94	1.866	3.323909091	2000
2000	3/8/2000	3	68	9.63	2.425	3.492272727	2000
2000	3/9/2000	3	69	-7.23	6.605	3.277	2000
2000	3/10/2000	3	70	-6.356	1.608	3.311818182	2000
2000	3/11/2000	3	71	-4.558	0.963	3.382545455	2000
2000	3/12/2000	3	72	-4.492	2.07	3.550272727	2000
2000	3/13/2000	3	73	-3.301	1.643	3.507727273	2000
2000	3/14/2000	3	74	-1.983	1.249	3.556545455	2000
2000	3/15/2000	3	75	-5.724	2.689	3.569727273	2000
2000	3/16/2000	3	76	-12.48	1.386	3.546909091	2000
2000	3/17/2000	3	77	-9.37	2.341	3.448909091	2000
2000	3/18/2000	3	78	-2.21	3.469	3.453545455	2000
2000	3/19/2000	3	79	-0.196	1.506	3.450363636	2000
2000	3/20/2000	3	80	1.463	1.653	3.472818182	2000
2000	3/21/2000	3	81	3.478	0.731	3.492818182	2000
2000	3/22/2000	3	82	5.982	1.148	3.501727273	2000
2000	3/23/2000	3	83	7.54	1.697	3.593818182	2000
2000	3/24/2000	3	84	8.16	3.458	3.848636364	2000
2000	3/25/2000	3	85	5.595	3.943	3.826909091	2000
2000	3/26/2000	3	86	4.224	3.081	3.876454545	2000
2000	3/27/2000	3	87	0.605	3.635	3.968090909	2000
2000	3/28/2000	3	88	-1.148	4.296	3.958727273	2000
2000	3/29/2000	3	89	-0.915	2.316	3.929363636	2000
2000	3/30/2000	3	90	0.618	0.692	4.013363636	2000
2000	3/31/2000	3	91	7.04	1.64	4.26	2000
2000	4/1/2000	4	92	4.408	1.267	4.328545455	2000
2000	4/2/2000	4	93	7.61	2.929	4.417909091	2000
2000	4/3/2000	4	94	1.248	3.998	4.276545455	2000
2000	4/4/2000	4	95	-1.808	3.623	4.129363636	2000
2000	4/5/2000	4	96	2.517	3.475	4.059090909	2000
2000	4/6/2000	4	97	1.432	4.001	4.106636364	2000
2000	4/7/2000	4	98	-3.065	4.587	4.041363636	2000
2000	4/8/2000	4	99	0.011	2.526	4.013454545	2000
2000	4/9/2000	4	100	0.361	4.24	4.176090909	2000
2000	4/10/2000	4	101	-1.67	2.301	4.209	2000
2000	4/11/2000	4	102	-1.971	1.695	4.273	2000
2000	4/12/2000	4	103	0.096	1.497	4.359272727	2000
2000	4/13/2000	4	104	3.601	3.502	4.397181818	2000
2000	4/14/2000	4	105	4.657	3.183	4.552818182	2000
2000	4/15/2000	4	106	-1.191	4.345	4.514818182	2000
2000	4/16/2000	4	107	-1.407	3.041	4.272090909	2000
2000	4/17/2000	4	108	-0.173	1.496	4.209090909	2000
2000	4/18/2000	4	109	2.603	1.213	4.218636364	2000
2000	4/19/2000	4	110	4.34	1.857	4.318181818	2000
2000	4/20/2000	4	111	1.215	4.577	4.263363636	2000
2000	4/21/2000	4	112	4.728	2.211	4.296545455	2000
2000	4/22/2000	4	113	6.967	0.836	4.604727273	2000
2000	4/23/2000	4	114	9.69	1.651	5.093909091	2000
2000	4/24/2000	4	115	9.67	1.736	5.593090909	2000
2000	4/25/2000	4	116	9.46	0.787	5.925181818	2000
2000	4/26/2000	4	117	13.28	0.807	6.298636364	2000
2000	4/27/2000	4	118	13.91	1.64	6.794181818	2000
2000	4/28/2000	4	119	5.699	3.629	7.102545455	2000
2000	4/29/2000	4	120	6.538	2.228	6.851272727	2000
2000	4/30/2000	4	121	11.69	2.064	7.042909091	2000
2000	5/1/2000	5	122	9.1	2.131	7.486727273	2000
2000	5/2/2000	5	123	10.2	1.271	7.596090909	2000
2000	5/3/2000	5	124	17.37	3.057	7.826636364	2000
2000	5/4/2000	5	125	19.51	2.097	8.495363636	2000
2000	5/5/2000	5	126	22.13	2.731	9.019727273	2000
2000	5/6/2000	5	127	21.75	3.133	9.512454545	2000
2000	5/7/2000	5	128	20.07	2.192	10.22854545	2000
2000	5/8/2000	5	129	16.05	3.031	10.35863636	2000
2000	5/9/2000	5	130	10.44	2.741	10.44081818	2000
2000	5/10/2000	5	131	10.2	1.976	10.25809091	2000
2000	5/11/2000	5	132	11.96	2.473	10.21072727	2000
2000	5/12/2000	5	133	14.52	1.399	10.34609091	2000
2000	5/13/2000	5	134	5.901	2.862	10.15018182	2000
2000	5/14/2000	5	135	6.319	3.029	9.918	2000
2000	5/15/2000	5	136	10.13	1.185	9.934818182	2000
2000	5/16/2000	5	137	12.42	1.256	10.11690909	2000
2000	5/17/2000	5	138	11.4	1.531	10.23690909	2000
2000	5/18/2000	5	139	7.42	4.445	10.34109091	2000
2000	5/19/2000	5	140	8.41	1.422	10.18363636	2000
2000	5/20/2000	5	141	12.56	1.777	10.40963636	2000
2000	5/21/2000	5	142	12.84	2.666	10.54590909	2000
2000	5/22/2000	5	143	14.16	0.941	10.77027273	2000
2000	5/23/2000	5	144	15.56	2.263	11.08645455	2000
2000	5/24/2000	5	145	12.5	2.418	11.22518182	2000
2000	5/25/2000	5	146	11.22	2.593	11.34127273	2000
2000	5/26/2000	5	147	12.58	1.472	11.58772727	2000
2000	5/27/2000	5	148	12.04	2.292	11.61781818	2000
2000	5/28/2000	5	149	12.85	1.657	11.70290909	2000
2000	5/29/2000	5	150	14.7	2.395	11.85890909	2000
2000	5/30/2000	5	151	14.3	1.583	11.95554545	2000
2000	5/31/2000	5	152	16.57	1.255	12.315	2000
2000	11/1/2000	11	306	13.14	3.545	10.82	2001
2000	11/2/2000	11	307	10.99	5.538	10.82363636	2001
2000	11/3/2000	11	308	4.054	2.838	10.44272727	2001
2000	11/4/2000	11	309	4.26	1.406	10.17	2001
2000	11/5/2000	11	310	7.78	3.511	9.992181818	2001
2000	11/6/2000	11	311	8.02	4.533	9.839	2001
2000	11/7/2000	11	312	5.232	4.756	9.610818182	2001
2000	11/8/2000	11	313	-1.527	3.668	9.197181818	2001
2000	11/9/2000	11	314	-0.945	2.242	8.837181818	2001
2000	11/10/2000	11	315	0.734	2.004	8.551727273	2001
2000	11/11/2000	11	316	1.821	1.361	8.369	2001
2000	11/12/2000	11	317	0.468	1.907	8.150818182	2001
2000	11/13/2000	11	318	0.8	2.626	7.877181818	2001
2000	11/14/2000	11	319	-2.331	2.793	7.543545455	2001
2000	11/15/2000	11	320	-2.803	2.454	7.252545455	2001
2000	11/16/2000	11	321	-3.117	2.973	6.968272727	2001
2000	11/17/2000	11	322	-5.661	2.245	6.620727273	2001
2000	11/18/2000	11	323	-7.37	2.284	6.309272727	2001
2000	11/19/2000	11	324	-6.288	2.394	6.004363636	2001
2000	11/20/2000	11	325	-6.522	3.815	5.592363636	2001
2000	11/21/2000	11	326	-9.59	2.247	5.179454545	2001
2000	11/22/2000	11	327	-8.37	2.479	4.782909091	2001
2000	11/23/2000	11	328	-7.22	2.638	4.498090909	2001
2000	11/24/2000	11	329	-2.363	1.903	4.325909091	2001
2000	11/25/2000	11	330	-1.653	0.914	4.187454545	2001
2000	11/26/2000	11	331	-1.566	2.111	4.063545455	2001
2000	11/27/2000	11	332	-1.384	1.413	3.943818182	2001
2000	11/28/2000	11	333	-0.942	1.527	3.859636364	2001
2000	11/29/2000	11	334	-0.804	2.519	3.762090909	2001
2000	11/30/2000	11	335	-2.362	1.842	3.640090909	2001
2000	12/1/2000	12	336	-5.408	2.283	3.423	2001
2000	12/2/2000	12	337	-8.6	1.096	2.986454545	2001
2000	12/3/2000	12	338	-6.36	3.802	2.912	2001
2000	12/4/2000	12	339	-4.789	3.367	2.869272727	2001
2000	12/5/2000	12	340	-17.27	2.403	2.637	2001
2000	12/6/2000	12	341	-16.89	1.469	2.681545455	2001
2000	12/7/2000	12	342	-13.9	1.121	3.0067	2001
2000	12/8/2000	12	343	-16.23	1.036	3.0258	2001
2000	12/9/2000	12	344	-12.19	2.248	3.0484	2001
2000	12/10/2000	12	345	-16.6	1.89	3.0376	2001
2000	12/11/2000	12	346	-17.63	2.354	3.0427	2001
2000	12/12/2000	12	347	-18.46	1.401	3.0436	2001
2000	12/13/2000	12	348	-18.03	1.07	3.043	2001
2000	12/14/2000	12	349	-14.01	0.896	3.0591	2001
2000	12/15/2000	12	350	-8.78	3.188	3.0656	2001
2000	12/16/2000	12	351	-5.26	1.583	3.0766	2001
2000	12/17/2000	12	352	-14.19	1.887	3.0744	2001
2000	12/18/2000	12	353	-14.43	1.732	3.0702	2001
2000	12/19/2000	12	354	-13.33	0.397	3.072	2001
2000	12/20/2000	12	355	-15.06	0.238	3.068	2001
2000	12/21/2000	12	356	NA	NA	NA	2001
2000	12/22/2000	12	357	-14.56	0.762	3.0735	2001
2000	12/23/2000	12	358	-16.11	0.579	3.0708	2001
2000	12/24/2000	12	359	-17.04	1.689	3.0709	2001
2000	12/25/2000	12	360	-20.55	1.425	3.0726	2001
2000	12/26/2000	12	361	-15.37	1.512	3.0795	2001
2000	12/27/2000	12	362	-19.28	1.019	3.0764	2001
2000	12/28/2000	12	363	-17.42	0.872	3.0783	2001
2000	12/29/2000	12	364	-7.95	2.79	3.0895	2001
2000	12/30/2000	12	365	-6.955	3.567	3.0938	2001
2000	12/31/2000	12	366	-9.94	1.545	3.093	2001
2001	1/1/2001	1	1	-13.52	0.526	3.092	2001
2001	1/2/2001	1	2	-12.21	2.211	3.1017	2001
2001	1/3/2001	1	3	-11.56	1.663	3.1092	2001
2001	1/4/2001	1	4	-7.15	2.567	3.1133	2001
2001	1/5/2001	1	5	-4.525	3.053	3.1253	2001
2001	1/6/2001	1	6	-6.638	2.035	3.1296	2001
2001	1/7/2001	1	7	-6.608	2.53	3.1346	2001
2001	1/8/2001	1	8	-10.64	0.856	3.1334	2001
2001	1/9/2001	1	9	-8	1.67	3.1348	2001
2001	1/10/2001	1	10	-3.214	1.652	3.1409	2001
2001	1/11/2001	1	11	-3.542	0.611	3.1406	2001
2001	1/12/2001	1	12	0.537	1.53	3.1435	2001
2001	1/13/2001	1	13	-0.915	1.769	3.1417	2001
2001	1/14/2001	1	14	-0.892	1.857	3.1415	2001
2001	1/15/2001	1	15	-2.167	1.198	3.1424	2001
2001	1/16/2001	1	16	-7.31	1.426	3.1476	2001
2001	1/17/2001	1	17	-12.02	1.76	3.1435	2001
2001	1/18/2001	1	18	-8.2	2.113	3.1496	2001
2001	1/19/2001	1	19	-15.92	1.984	3.1436	2001
2001	1/20/2001	1	20	-14.73	1.325	3.1382	2001
2001	1/21/2001	1	21	-9.79	1.337	3.1398	2001
2001	1/22/2001	1	22	-7.92	2.19	3.1379	2001
2001	1/23/2001	1	23	-2.916	2.052	3.1486	2001
2001	1/24/2001	1	24	-10.48	2.128	3.1441	2001
2001	1/25/2001	1	25	-11.4	2.288	3.1387	2001
2001	1/26/2001	1	26	-8.8	2.882	3.145	2001
2001	1/27/2001	1	27	-13	1.543	3.1485	2001
2001	1/28/2001	1	28	-7.52	1.163	3.1546	2001
2001	1/29/2001	1	29	-5.449	1.532	3.1569	2001
2001	1/30/2001	1	30	0.547	0.94	3.1508	2001
2001	1/31/2001	1	31	-3.533	0.201	3.1477	2001
2001	2/1/2001	2	32	-13.55	0.201	3.1492	2001
2001	2/2/2001	2	33	-14.71	0.2	3.156	2001
2001	2/3/2001	2	34	-12.61	0.2	3.1526	2001
2001	2/4/2001	2	35	-6.992	1.006	3.1592	2001
2001	2/5/2001	2	36	-5.748	1.478	3.1658	2001
2001	2/6/2001	2	37	-4.996	1.747	3.1571	2001
2001	2/7/2001	2	38	-10.34	0.496	3.155	2001
2001	2/8/2001	2	39	-5.754	1.873	3.1578	2001
2001	2/9/2001	2	40	-8.73	3.641	3.157	2001
2001	2/10/2001	2	41	-19.57	1.16	3.1559	2001
2001	2/11/2001	2	42	-17.57	1.794	3.1521	2001
2001	2/12/2001	2	43	-6.894	1.429	3.1544	2001
2001	2/13/2001	2	44	-5.578	2.097	3.1566	2001
2001	2/14/2001	2	45	-13.33	1.853	3.1529	2001
2001	2/15/2001	2	46	-14.02	1.544	3.1403	2001
2001	2/16/2001	2	47	-12.97	2.999	3.1431	2001
2001	2/17/2001	2	48	-16.84	1.832	3.1446	2001
2001	2/18/2001	2	49	-13.33	2.621	3.1478	2001
2001	2/19/2001	2	50	-8.11	1.546	3.1537	2001
2001	2/20/2001	2	51	-14.96	2.215	3.1509	2001
2001	2/21/2001	2	52	-19.69	1.044	3.149	2001
2001	2/22/2001	2	53	-11.73	2.686	3.1554	2001
2001	2/23/2001	2	54	-11.13	1.634	3.1699	2001
2001	2/24/2001	2	55	-4.596	4.236	3.1685	2001
2001	2/25/2001	2	56	-3.137	3.022	3.1612	2001
2001	2/26/2001	2	57	-9.49	1.274	3.1513	2001
2001	2/27/2001	2	58	-17.15	1.177	3.1532	2001
2001	2/28/2001	2	59	-13.45	1.537	3.1586	2001
2001	3/1/2001	3	60	-3.844	1.337	3.1602	2001
2001	3/2/2001	3	61	-2.626	1.705	3.1629	2001
2001	3/3/2001	3	62	-6.065	2.57	3.1612	2001
2001	3/4/2001	3	63	-9.96	3.247	3.1546	2001
2001	3/5/2001	3	64	-9.81	3.455	3.1563	2001
2001	3/6/2001	3	65	-6.711	1.485	3.156	2001
2001	3/7/2001	3	66	-5.842	1.396	3.1521	2001
2001	3/8/2001	3	67	-5.025	2.221	3.1501	2001
2001	3/9/2001	3	68	-5.156	0.989	3.1435	2001
2001	3/10/2001	3	69	-5.612	1.86	3.1395	2001
2001	3/11/2001	3	70	-8.15	1.898	3.1411	2001
2001	3/12/2001	3	71	-4.412	2.663	3.145	2001
2001	3/13/2001	3	72	-2.962	2.278	3.1685	2001
2001	3/14/2001	3	73	-0.273	0.924	3.1706	2001
2001	3/15/2001	3	74	-4.658	1.902	3.1696	2001
2001	3/16/2001	3	75	-3.441	2.229	3.1654	2001
2001	3/17/2001	3	76	-5.163	0.566	3.1497	2001
2001	3/18/2001	3	77	-3.072	0.97	3.1398	2001
2001	3/19/2001	3	78	-0.768	2.048	3.1408	2001
2001	3/20/2001	3	79	2.59	2.085	3.1496	2001
2001	3/21/2001	3	80	1.809	0.411	3.1685	2001
2001	3/22/2001	3	81	-1.041	1.248	3.1876	2001
2001	3/23/2001	3	82	-4.577	1.862	3.1933	2001
2001	3/24/2001	3	83	-11.81	2.823	3.2091	2001
2001	3/25/2001	3	84	-12.65	2.929	3.2085	2001
2001	3/26/2001	3	85	-6.82	1.817	3.2056	2001
2001	3/27/2001	3	86	-1.195	1.17	3.2151	2001
2001	3/28/2001	3	87	-0.559	1.469	3.225	2001
2001	3/29/2001	3	88	1.339	2.271	3.2249	2001
2001	3/30/2001	3	89	1.718	2.089	3.235	2001
2001	3/31/2001	3	90	1.034	2.015	3.2474	2001
2001	4/1/2001	4	91	0.226	0.697	3.2669	2001
2001	4/2/2001	4	92	-1.466	0.95	3.2747	2001
2001	4/3/2001	4	93	-0.717	0.985	3.299	2001
2001	4/4/2001	4	94	2.795	1.202	3.3509	2001
2001	4/5/2001	4	95	3.792	2.265	3.3737	2001
2001	4/6/2001	4	96	4.032	1.256	3.4079	2001
2001	4/7/2001	4	97	4.707	5.208	3.4145	2001
2001	4/8/2001	4	98	2.379	2.256	3.4462	2001
2001	4/9/2001	4	99	2.108	1.634	3.4966	2001
2001	4/10/2001	4	100	5.25	1.512	3.5702	2001
2001	4/11/2001	4	101	5.661	3.645	3.5805	2001
2001	4/12/2001	4	102	5.011	2.523	3.5752	2001
2001	4/13/2001	4	103	5.189	2.019	3.7246	2001
2001	4/14/2001	4	104	6.323	2.005	3.9594	2001
2001	4/15/2001	4	105	2.532	2.254	3.9837	2001
2001	4/16/2001	4	106	-3.8	3.394	4.0037	2001
2001	4/17/2001	4	107	-0.966	3.209	4.0419	2001
2001	4/18/2001	4	108	2.269	0.764	4.2066	2001
2001	4/19/2001	4	109	8.38	2.497	4.3425	2001
2001	4/20/2001	4	110	8.25	2.54	4.3972	2001
2001	4/21/2001	4	111	8.27	2.573	4.4215	2001
2001	4/22/2001	4	112	4.225	2.435	4.3035	2001
2001	4/23/2001	4	113	7.64	2.744	NA	2001
2001	4/24/2001	4	114	5.16	1.29	4.913272727	2001
2001	4/25/2001	4	115	10.31	1.731	4.959909091	2001
2001	4/26/2001	4	116	13.31	3.222	5.582636364	2001
2001	4/27/2001	4	117	9.55	1.53	6.208363636	2001
2001	4/28/2001	4	118	11.11	3.731	6.209727273	2001
2001	4/29/2001	4	119	17.68	4.773	6.585272727	2001
2001	4/30/2001	4	120	17.51	4.201	7.306	2001
2001	5/1/2001	5	121	15.66	2.837	7.976454545	2001
2001	5/2/2001	5	122	13.26	1.71	8.503727273	2001
2001	5/3/2001	5	123	11.25	0.902	8.812363636	2001
2001	11/1/2001	11	305	13.64	4.478	8.759	2002
2001	11/2/2001	11	306	6.774	2.472	8.688090909	2002
2001	11/3/2001	11	307	7.08	1.244	8.571727273	2002
2001	11/4/2001	11	308	4.802	1.691	8.512636364	2002
2001	11/5/2001	11	309	7.78	4.026	8.418090909	2002
2001	11/6/2001	11	310	9.09	2.84	8.327181818	2002
2001	11/7/2001	11	311	6.461	2.812	8.297181818	2002
2001	11/8/2001	11	312	1.899	3.469	8.165363636	2002
2001	11/9/2001	11	313	3.207	2.598	7.935363636	2002
2001	11/10/2001	11	314	2.902	2.568	7.746272727	2002
2001	11/11/2001	11	315	1.75	1.407	7.581727273	2002
2001	11/12/2001	11	316	5.45	3.59	7.494454545	2002
2001	11/13/2001	11	317	8.29	3.142	7.444454545	2002
2001	11/14/2001	11	318	11.68	2.187	7.580818182	2002
2001	11/15/2001	11	319	12.07	1.474	7.730818182	2002
2001	11/16/2001	11	320	5.132	2.131	7.714454545	2002
2001	11/17/2001	11	321	9.01	3.394	7.598090909	2002
2001	11/18/2001	11	322	9.95	3.42	7.684454545	2002
2001	11/19/2001	11	323	-0.429	2.713	7.589	2002
2001	11/20/2001	11	324	-1.025	2.987	7.294454545	2002
2001	11/21/2001	11	325	2.638	1.082	7.076363636	2002
2001	11/22/2001	11	326	3.904	2.338	6.949545455	2002
2001	11/23/2001	11	327	7.66	2.563	6.911090909	2002
2001	11/24/2001	11	328	8.72	2.337	6.949272727	2002
2001	11/25/2001	11	329	3.926	2.535	6.937090909	2002
2001	11/26/2001	11	330	-1.375	3.683	6.708363636	2002
2001	11/27/2001	11	331	-1.576	4.165	6.290909091	2002
2001	11/28/2001	11	332	-2.857	2.236	5.943363636	2002
2001	11/29/2001	11	333	-1.392	0.879	5.763454545	2002
2001	11/30/2001	11	334	0.645	1.1	5.668	2002
2001	12/1/2001	12	335	-1.693	2.248	5.521272727	2002
2001	12/2/2001	12	336	-0.675	3.978	5.331727273	2002
2001	12/3/2001	12	337	3.274	1.978	5.233909091	2002
2001	12/4/2001	12	338	5.443	1.612	5.241272727	2002
2001	12/5/2001	12	339	7.86	4.069	5.277636364	2002
2001	12/6/2001	12	340	-0.869	2.181	5.152363636	2002
2001	12/7/2001	12	341	-2	1.775	4.938181818	2002
2001	12/8/2001	12	342	-3.626	2.576	4.754363636	2002
2001	12/9/2001	12	343	-2.163	4.429	4.480636364	2002
2001	12/10/2001	12	344	0.573	2.189	4.264545455	2002
2001	12/11/2001	12	345	0.818	4.46	4.136727273	2002
2001	12/12/2001	12	346	1.699	2.893	4.021909091	2002
2001	12/13/2001	12	347	-3.489	1.986	3.910727273	2002
2001	12/14/2001	12	348	-4.781	1.993	3.693363636	2002
2001	12/15/2001	12	349	-1.551	5.117	3.502	2002
2001	12/16/2001	12	350	2.498	4.196	3.479636364	2002
2001	12/17/2001	12	351	-1.506	1.385	3.391454545	2002
2001	12/18/2001	12	352	-1.16	1.443	3.316454545	2002
2001	12/19/2001	12	353	-4.554	2.778	2.980636364	2002
2001	12/20/2001	12	354	-5.539	1.55	2.675272727	2002
2001	12/21/2001	12	355	-5.002	3.144	2.656363636	2002
2001	12/22/2001	12	356	0.069	4.864	2.588181818	2002
2001	12/23/2001	12	357	-6.11	2.739	2.524	2002
2001	12/24/2001	12	358	-8.45	3.115	2.039454545	2002
2001	12/25/2001	12	359	-11.11	1.992	1.847909091	2002
2001	12/26/2001	12	360	-11.96	1.75	1.843363636	2002
2001	12/27/2001	12	361	-10.05	1.506	1.840545455	2002
2001	12/28/2001	12	362	-13.12	1.715	1.832272727	2002
2001	12/29/2001	12	363	-13.35	2.336	1.838181818	2002
2001	12/30/2001	12	364	-11.84	2.435	1.855454545	2002
2001	12/31/2001	12	365	-12.9	1.356	1.878909091	2002
2002	1/1/2002	1	1	-10.64	1.086	1.887090909	2002
2002	1/2/2002	1	2	-12.46	1.054	1.892363636	2002
2002	1/3/2002	1	3	-10.95	2.428	1.900181818	2002
2002	1/4/2002	1	4	-5.394	2.204	1.917090909	2002
2002	1/5/2002	1	5	-3.095	1.431	1.927363636	2002
2002	1/6/2002	1	6	-8.01	3.229	1.937909091	2002
2002	1/7/2002	1	7	-8.51	3.069	1.946	2002
2002	1/8/2002	1	8	-1.802	2.297	1.957727273	2002
2002	1/9/2002	1	9	3.68	2.59	1.979545455	2002
2002	1/10/2002	1	10	0.608	1.931	1.995909091	2002
2002	1/11/2002	1	11	-1.391	2.056	2.023090909	2002
2002	1/12/2002	1	12	-1.967	2.4	2.029636364	2002
2002	1/13/2002	1	13	-5.018	1.686	2.033636364	2002
2002	1/14/2002	1	14	-5.027	2.169	2.038636364	2002
2002	1/15/2002	1	15	-5.429	1.171	2.044363636	2002
2002	1/16/2002	1	16	-7.942	1.029	2.042818182	2002
2002	1/17/2002	1	17	-11.52	1.868	2.039363636	2002
2002	1/18/2002	1	18	-16.64	2.009	2.033181818	2002
2002	1/19/2002	1	19	-10.24	3.156	2.039545455	2002
2002	1/20/2002	1	20	-6.056	1.725	2.056363636	2002
2002	1/21/2002	1	21	-4.783	2.08	2.063727273	2002
2002	1/22/2002	1	22	-0.886	2.572	2.071363636	2002
2002	1/23/2002	1	23	-3.399	2.569	2.078181818	2002
2002	1/24/2002	1	24	-6.213	2.252	2.078272727	2002
2002	1/25/2002	1	25	0.22	3.426	2.087909091	2002
2002	1/26/2002	1	26	2.135	1.315	2.100636364	2002
2002	1/27/2002	1	27	-1.029	0.919	2.108636364	2002
2002	1/28/2002	1	28	-6.617	3.163	2.099181818	2002
2002	1/29/2002	1	29	-10.46	2.04	2.081181818	2002
2002	1/30/2002	1	30	-8.16	0.439	2.096272727	2002
2002	1/31/2002	1	31	-6.983	1.428	2.095181818	2002
2002	2/1/2002	2	32	-8.97	2.017	2.104545455	2002
2002	2/2/2002	2	33	-10.33	2.298	2.094090909	2002
2002	2/3/2002	2	34	-8.47	3.134	2.112727273	2002
2002	2/4/2002	2	35	-10.26	2.639	2.111818182	2002
2002	2/5/2002	2	36	-8.03	1.71	2.106	2002
2002	2/6/2002	2	37	-2.443	3.301	2.113909091	2002
2002	2/7/2002	2	38	0.264	2.112	2.131272727	2002
2002	2/8/2002	2	39	-0.485	0.975	2.131727273	2002
2002	2/9/2002	2	40	-0.789	2.872	2.145090909	2002
2002	2/10/2002	2	41	-6.753	3.987	2.142363636	2002
2002	2/11/2002	2	42	-6.272	4.776	2.134181818	2002
2002	2/12/2002	2	43	-8.06	3.488	2.129818182	2002
2002	2/13/2002	2	44	-6.258	3.469	2.127272727	2002
2002	2/14/2002	2	45	0.95	3.444	2.158090909	2002
2002	2/15/2002	2	46	-0.296	2.367	2.168181818	2002
2002	2/16/2002	2	47	-2.975	2.629	2.169363636	2002
2002	2/17/2002	2	48	-6.274	2.241	2.164909091	2002
2002	2/18/2002	2	49	2.154	4.225	2.176272727	2002
2002	2/19/2002	2	50	1.532	1.384	2.191	2002
2002	2/20/2002	2	51	-2.345	2.857	2.194181818	2002
2002	2/21/2002	2	52	-6.947	3.313	2.195090909	2002
2002	2/22/2002	2	53	-8.3	0.711	2.194818182	2002
2002	2/23/2002	2	54	-0.768	2.592	2.203818182	2002
2002	2/24/2002	2	55	-1.175	2.699	2.204090909	2002
2002	2/25/2002	2	56	-6.955	3.366	2.205727273	2002
2002	2/26/2002	2	57	-9.22	3.909	2.205272727	2002
2002	2/27/2002	2	58	-8.43	2.715	2.211181818	2002
2002	2/28/2002	2	59	-10.32	2.196	2.216	2002
2002	3/1/2002	3	60	-13.65	1.076	2.218818182	2002
2002	3/2/2002	3	61	-11.65	3.466	2.216636364	2002
2002	3/3/2002	3	62	-17.35	3.19	2.214909091	2002
2002	3/4/2002	3	63	-17.86	1.598	2.204	2002
2002	3/5/2002	3	64	-10.88	1.02	2.205818182	2002
2002	3/6/2002	3	65	-10.19	1.069	2.216909091	2002
2002	3/7/2002	3	66	-10.95	1.598	2.211090909	2002
2002	3/8/2002	3	67	-5.17	2.553	2.222454545	2002
2002	3/9/2002	3	68	-5.716	3.9	2.234818182	2002
2002	3/10/2002	3	69	-12.68	3.555	2.234727273	2002
2002	3/11/2002	3	70	-7.43	1.542	2.239727273	2002
2002	3/12/2002	3	71	-3.411	3.213	2.242454545	2002
2002	3/13/2002	3	72	0.398	2.469	2.249909091	2002
2002	3/14/2002	3	73	-4.837	2.3	2.246454545	2002
2002	3/15/2002	3	74	-6.772	3.002	2.247454545	2002
2002	3/16/2002	3	75	-9.37	0.562	2.244363636	2002
2002	3/17/2002	3	76	-3.682	1.949	2.249909091	2002
2002	3/18/2002	3	77	0.841	0.728	2.257818182	2002
2002	3/19/2002	3	78	-0.427	1.096	2.258	2002
2002	3/20/2002	3	79	-6.177	2.033	2.247090909	2002
2002	3/21/2002	3	80	-13.04	3.454	2.217818182	2002
2002	3/22/2002	3	81	-9.64	3.092	2.214727273	2002
2002	3/23/2002	3	82	-7.71	2.211	2.214545455	2002
2002	3/24/2002	3	83	-13.99	2.382	2.210545455	2002
2002	3/25/2002	3	84	-11.44	1.489	2.217454545	2002
2002	3/26/2002	3	85	-8.92	0.851	2.222272727	2002
2002	3/27/2002	3	86	-3.737	1.549	2.227	2002
2002	3/28/2002	3	87	1.57	2.786	2.233272727	2002
2002	3/29/2002	3	88	2.971	2.228	2.237909091	2002
2002	3/30/2002	3	89	-0.067	2.331	2.236363636	2002
2002	3/31/2002	3	90	-2.86	2.308	2.234272727	2002
2002	4/1/2002	4	91	-2.602	0.897	2.234818182	2002
2002	4/2/2002	4	92	-3.005	1.286	2.234090909	2002
2002	4/3/2002	4	93	-5.663	2.293	2.231636364	2002
2002	4/4/2002	4	94	-7.42	1.028	2.227636364	2002
2002	4/5/2002	4	95	-5.049	1.558	2.232454545	2002
2002	4/6/2002	4	96	-3.834	2.691	2.234909091	2002
2002	4/7/2002	4	97	2.481	3.277	2.244909091	2002
2002	4/8/2002	4	98	2.738	1.698	2.249181818	2002
2002	4/9/2002	4	99	1.808	1.722	2.257090909	2002
2002	4/10/2002	4	100	2.86	1.559	2.258090909	2002
2002	4/11/2002	4	101	6.107	1.402	2.259272727	2002
2002	4/12/2002	4	102	5.132	0.983	2.293727273	2002
2002	4/13/2002	4	103	7.22	1.314	2.354909091	2002
2002	4/14/2002	4	104	9.37	3.115	2.399363636	2002
2002	4/15/2002	4	105	15.44	2.98	2.529272727	2002
2002	4/16/2002	4	106	20.94	4.758	2.710727273	2002
2002	4/17/2002	4	107	13.56	3.351	2.938818182	2002
2002	4/18/2002	4	108	10.2	3.286	3.165909091	2002
2002	4/19/2002	4	109	2.725	4.244	3.338454545	2002
2002	4/20/2002	4	110	0.481	2.771	3.480727273	2002
2002	4/21/2002	4	111	-0.309	2.691	3.677454545	2002
2002	4/22/2002	4	112	-0.288	0.948	3.679181818	2002
2002	4/23/2002	4	113	4.702	3.582	3.896818182	2002
2002	4/24/2002	4	114	5.614	3.939	4.130454545	2002
2002	4/25/2002	4	115	-0.729	3.947	4.045	2002
2002	4/26/2002	4	116	1.42	1.912	4.170636364	2002
2002	4/27/2002	4	117	1.077	2.736	4.282	2002
2002	4/28/2002	4	118	0.684	2.838	4.153090909	2002
2002	4/29/2002	4	119	3.624	2.114	4.243272727	2002
2002	4/30/2002	4	120	4.814	2.377	4.479090909	2002
2002	5/1/2002	5	121	5.926	1.478	4.837454545	2002
2002	5/2/2002	5	122	0.992	3.481	5.175545455	2002
2002	5/3/2002	5	123	5.663	2.668	5.197727273	2002
2002	5/4/2002	5	124	7.37	3.604	5.147	2002
2002	5/5/2002	5	125	7.05	2.407	5.501727273	2002
2002	5/6/2002	5	126	6.737	2.213	5.820727273	2002
2002	5/7/2002	5	127	4.642	2.544	6.094090909	2002
2002	5/8/2002	5	128	3.554	2.652	6.023727273	2002
2002	5/9/2002	5	129	4.862	3.837	5.921	2002
2002	5/10/2002	5	130	5.416	3.376	6.044181818	2002
2002	5/11/2002	5	131	6.258	2.614	6.179545455	2002
2002	5/12/2002	5	132	4.417	2.259	6.228454545	2002
2002	5/13/2002	5	133	6.849	1.209	6.404454545	2002
2002	5/14/2002	5	134	5.618	2.22	6.726272727	2002
2002	5/15/2002	5	135	12	4.751	6.608272727	2002
2002	5/16/2002	5	136	5.446	3.922	7.195818182	2002
2002	5/17/2002	5	137	3.66	3.428	7.512636364	2002
2002	5/18/2002	5	138	2.767	2.882	7.672636364	2002
2002	5/19/2002	5	139	2.623	2.863	7.729909091	2002
2002	5/20/2002	5	140	4.523	1.82	7.828090909	2002
2002	5/21/2002	5	141	10.05	1.664	8.017181818	2002
2002	5/22/2002	5	142	14.18	5.985	8.009909091	2002
2002	5/23/2002	5	143	14.29	5.038	8.957181818	2002
2002	5/24/2002	5	144	6.76	2.664	9.421727273	2002
2002	5/25/2002	5	145	6.938	2.696	9.468090909	2002
2002	5/26/2002	5	146	12.1	2.957	9.483090909	2002
2002	5/27/2002	5	147	16.39	1.289	10.06745455	2002
2002	5/28/2002	5	148	18.22	2.809	10.30581818	2002
2002	5/29/2002	5	149	18.35	0.962	11.00581818	2002
2002	5/30/2002	5	150	21.23	2.99	11.29036364	2002
2002	5/31/2002	5	151	20.01	2.444	11.88854545	2002
2002	11/1/2002	11	305	-2.612	2.745	7.319	2003
2002	11/2/2002	11	306	-1.467	1.962	7.049818182	2003
2002	11/3/2002	11	307	0.594	3.05	6.883545455	2003
2002	11/4/2002	11	308	-0.897	1.887	6.694	2003
2002	11/5/2002	11	309	-0.16	1.697	6.523636364	2003
2002	11/6/2002	11	310	-1.203	2.318	6.346363636	2003
2002	11/7/2002	11	311	3.817	3.948	6.152272727	2003
2002	11/8/2002	11	312	5.209	1.057	6.107363636	2003
2002	11/9/2002	11	313	6.323	2.684	6.113	2003
2002	11/10/2002	11	314	4.131	2.637	6.112181818	2003
2002	11/11/2002	11	315	-2.006	2.507	5.953818182	2003
2002	11/12/2002	11	316	-1.288	2.719	5.730090909	2003
2002	11/13/2002	11	317	-2.207	2.037	5.529909091	2003
2002	11/14/2002	11	318	-3.348	2.8	5.332545455	2003
2002	11/15/2002	11	319	-4.243	1.168	5.082454545	2003
2002	11/16/2002	11	320	-4.501	1.137	4.913454545	2003
2002	11/17/2002	11	321	-3.942	0.982	4.808	2003
2002	11/18/2002	11	322	-0.77	2.431	4.646909091	2003
2002	11/19/2002	11	323	0.552	1.794	4.578363636	2003
2002	11/20/2002	11	324	-1.689	0.916	4.428454545	2003
2002	11/21/2002	11	325	-1.576	2.229	4.316090909	2003
2002	11/22/2002	11	326	-3.192	2.454	4.109	2003
2002	11/23/2002	11	327	-0.852	3.42	3.985272727	2003
2002	11/24/2002	11	328	-5.637	2.63	3.742181818	2003
2002	11/25/2002	11	329	-6.861	1.612	3.445454545	2003
2002	11/26/2002	11	330	-7.23	1.183	3.219	2003
2002	11/27/2002	11	331	-7.81	1.944	3.069818182	2003
2002	11/28/2002	11	332	-4.314	3.082	3.099	2003
2002	11/29/2002	11	333	0.962	4.01	3.095909091	2003
2002	11/30/2002	11	334	-9.32	4.09	3.006636364	2003
2002	12/1/2002	12	335	-9.57	1.616	2.751454545	2003
2002	12/2/2002	12	336	-13.57	1.72	2.655818182	2003
2002	12/3/2002	12	337	-14.72	0.915	2.685636364	2003
2002	12/4/2002	12	338	-10.71	0.883	2.645272727	2003
2002	12/5/2002	12	339	-11.33	2.01	2.662181818	2003
2002	12/6/2002	12	340	-7.4	2.8	2.667272727	2003
2002	12/7/2002	12	341	-6.178	2.425	2.671636364	2003
2002	12/8/2002	12	342	-13.94	2.08	2.675636364	2003
2002	12/9/2002	12	343	-7.65	2.85	2.670181818	2003
2002	12/10/2002	12	344	-0.088	1.731	2.695909091	2003
2002	12/11/2002	12	345	1.245	2.892	2.725818182	2003
2002	12/12/2002	12	346	-0.18	2.041	2.739727273	2003
2002	12/13/2002	12	347	-0.191	0.739	2.751545455	2003
2002	12/14/2002	12	348	0.226	2.431	2.773909091	2003
2002	12/15/2002	12	349	-4.283	3.347	2.749	2003
2002	12/16/2002	12	350	-8.12	2.166	2.700272727	2003
2002	12/17/2002	12	351	-2.487	4.388	2.783272727	2003
2002	12/18/2002	12	352	1.996	4.192	2.823727273	2003
2002	12/19/2002	12	353	0.606	2.558	2.830636364	2003
2002	12/20/2002	12	354	-3.508	2.189	2.836363636	2003
2002	12/21/2002	12	355	-6.118	3.13	2.811363636	2003
2002	12/22/2002	12	356	-6.875	3.103	2.815181818	2003
2002	12/23/2002	12	357	-9.53	2.856	2.806272727	2003
2002	12/24/2002	12	358	-7.54	1.206	2.815272727	2003
2002	12/25/2002	12	359	-6.96	1.56	2.830090909	2003
2002	12/26/2002	12	360	-6.233	1.269	2.822727273	2003
2002	12/27/2002	12	361	-3.48	2.696	2.839545455	2003
2002	12/28/2002	12	362	-3.263	1.084	2.878636364	2003
2002	12/29/2002	12	363	-3.621	2.779	2.863454545	2003
2002	12/30/2002	12	364	-0.43	3.412	2.931727273	2003
2002	12/31/2002	12	365	-10.08	2.291	2.824090909	2003
2003	1/1/2003	1	1	-9.18	1.922	2.836727273	2003
2003	1/2/2003	1	2	-6.649	1.274	2.877363636	2003
2003	1/3/2003	1	3	-10.47	0.334	2.821909091	2003
2003	1/4/2003	1	4	-5.67	1.875	2.875363636	2003
2003	1/5/2003	1	5	-3.486	2.016	2.977454545	2003
2003	1/6/2003	1	6	-5.52	2.891	2.964727273	2003
2003	1/7/2003	1	7	0.908	2.79	3.011909091	2003
2003	1/8/2003	1	8	3.445	2.676	3.059454545	2003
2003	1/9/2003	1	9	-4.683	4.011	3.043363636	2003
2003	1/10/2003	1	10	-13.33	3.567	2.932363636	2003
2003	1/11/2003	1	11	-14.56	2.452	2.900636364	2003
2003	1/12/2003	1	12	-12.58	2.966	2.901090909	2003
2003	1/13/2003	1	13	-15.79	2.367	2.918545455	2003
2003	1/14/2003	1	14	-17.35	2.041	2.873181818	2003
2003	1/15/2003	1	15	-15.76	1.837	2.888181818	2003
2003	1/16/2003	1	16	-12.97	2.777	2.920818182	2003
2003	1/17/2003	1	17	-12.52	2.858	2.982909091	2003
2003	1/18/2003	1	18	-13.41	2.6	3.039818182	2003
2003	1/19/2003	1	19	-16.22	2.61	3.065454545	2003
2003	1/20/2003	1	20	-18.98	1.706	3.049272727	2003
2003	1/21/2003	1	21	-20.46	1.446	3.015636364	2003
2003	1/22/2003	1	22	-21.67	2.315	2.993181818	2003
2003	1/23/2003	1	23	-20.75	2.022	2.982545455	2003
2003	1/24/2003	1	24	-16.47	1.818	2.988363636	2003
2003	1/25/2003	1	25	-14.59	2.202	3.007727273	2003
2003	1/26/2003	1	26	-22.78	1.911	3.008727273	2003
2003	1/27/2003	1	27	-18.38	3.138	2.990818182	2003
2003	1/28/2003	1	28	-10.51	1.851	3.014909091	2003
2003	1/29/2003	1	29	-16.07	1.121	3.002363636	2003
2003	1/30/2003	1	30	-7.05	2.956	3.005727273	2003
2003	1/31/2003	1	31	-3.244	1.313	3.043363636	2003
2003	2/1/2003	2	32	-3.017	2.206	3.050454545	2003
2003	2/2/2003	2	33	-1.847	1.131	3.059272727	2003
2003	2/3/2003	2	34	-3.471	2.554	3.059636364	2003
2003	2/4/2003	2	35	-14.04	3.668	3.043818182	2003
2003	2/5/2003	2	36	-17.2	0.915	3.010545455	2003
2003	2/6/2003	2	37	-17.5	1.355	2.991818182	2003
2003	2/7/2003	2	38	-20	2.367	2.975181818	2003
2003	2/8/2003	2	39	-13.08	2.429	2.979	2003
2003	2/9/2003	2	40	-17.38	2.552	2.983909091	2003
2003	2/10/2003	2	41	-19.12	2.446	2.973636364	2003
2003	2/11/2003	2	42	-18.08	3.099	2.958272727	2003
2003	2/12/2003	2	43	-20.31	2.106	2.955636364	2003
2003	2/13/2003	2	44	-16.66	1.691	2.932909091	2003
2003	2/14/2003	2	45	-13.29	1.089	2.939818182	2003
2003	2/15/2003	2	46	-20.54	0.984	2.923545455	2003
2003	2/16/2003	2	47	-15.84	1.451	2.908454545	2003
2003	2/17/2003	2	48	-7.05	3.15	2.925090909	2003
2003	2/18/2003	2	49	-4.889	3.78	2.962090909	2003
2003	2/19/2003	2	50	-6.587	2.367	2.975090909	2003
2003	2/20/2003	2	51	0.303	2.1	2.952	2003
2003	2/21/2003	2	52	-6.307	2.485	2.955727273	2003
2003	2/22/2003	2	53	-13.93	3.894	2.893181818	2003
2003	2/23/2003	2	54	-16.7	2.36	2.944272727	2003
2003	2/24/2003	2	55	-19.23	1.751	2.945272727	2003
2003	2/25/2003	2	56	-20.07	1.935	2.911181818	2003
2003	2/26/2003	2	57	-13.7	2.027	2.911454545	2003
2003	2/27/2003	2	58	-6.815	0.87	2.937181818	2003
2003	2/28/2003	2	59	-5.87	0.578	2.964545455	2003
2003	3/1/2003	3	60	-3.848	2.454	2.966	2003
2003	3/2/2003	3	61	-21.01	3.106	2.954	2003
2003	3/3/2003	3	62	-16.64	2.488	2.909727273	2003
2003	3/4/2003	3	63	-13.67	1.678	2.923454545	2003
2003	3/5/2003	3	64	-20.93	0.793	2.942454545	2003
2003	3/6/2003	3	65	-14.84	3.419	2.955363636	2003
2003	3/7/2003	3	66	-6.975	1.996	2.969454545	2003
2003	3/8/2003	3	67	-16.25	2.69	2.967545455	2003
2003	3/9/2003	3	68	-18.97	2.786	2.935181818	2003
2003	3/10/2003	3	69	-15.59	2.343	2.919181818	2003
2003	3/11/2003	3	70	-6.785	2.501	2.940909091	2003
2003	3/12/2003	3	71	-8.15	1.382	2.956727273	2003
2003	3/13/2003	3	72	-6.127	1.528	2.842909091	2003
2003	3/14/2003	3	73	1.862	2.579	2.930636364	2003
2003	3/15/2003	3	74	5.953	2.271	3.016090909	2003
2003	3/16/2003	3	75	9.14	2.144	3.094636364	2003
2003	3/17/2003	3	76	3.297	2.209	3.212090909	2003
2003	3/18/2003	3	77	4.028	1.847	3.298454545	2003
2003	3/19/2003	3	78	5.2	2.023	3.428363636	2003
2003	3/20/2003	3	79	1.898	1.102	3.489909091	2003
2003	3/21/2003	3	80	-0.074	1.999	3.465545455	2003
2003	3/22/2003	3	81	1.656	1.213	3.478272727	2003
2003	3/23/2003	3	82	7.63	2.952	3.601363636	2003
2003	3/24/2003	3	83	10.58	3.31	3.690818182	2003
2003	3/25/2003	3	84	1.948	2.033	3.742363636	2003
2003	3/26/2003	3	85	0.706	1.048	3.840454545	2003
2003	3/27/2003	3	86	-0.853	1.901	3.832636364	2003
2003	3/28/2003	3	87	-2.059	3.867	3.801545455	2003
2003	3/29/2003	3	88	-6.277	3.056	3.779	2003
2003	3/30/2003	3	89	-4.228	1.334	3.752272727	2003
2003	3/31/2003	3	90	-1.152	3.452	3.734727273	2003
2003	4/1/2003	4	91	4.068	1.507	3.731181818	2003
2003	4/2/2003	4	92	-1.152	2.763	3.709454545	2003
2003	4/3/2003	4	93	-4.979	3.323	3.697909091	2003
2003	4/4/2003	4	94	-7.39	3.164	3.670636364	2003
2003	4/5/2003	4	95	-8.5	2.902	3.667909091	2003
2003	4/6/2003	4	96	-6.193	1.502	3.634545455	2003
2003	4/7/2003	4	97	-2.776	2.39	3.628	2003
2003	4/8/2003	4	98	-3.028	0.864	3.633454545	2003
2003	4/9/2003	4	99	4.261	2.153	3.647	2003
2003	4/10/2003	4	100	9.55	2.673	3.718090909	2003
2003	4/11/2003	4	101	6.253	1.658	3.838363636	2003
2003	4/12/2003	4	102	1.345	1.961	3.980636364	2003
2003	4/13/2003	4	103	7.96	4.044	4.086	2003
2003	4/14/2003	4	104	18.26	3.911	4.253272727	2003
2003	4/15/2003	4	105	7.95	2.943	4.409818182	2003
2003	4/16/2003	4	106	-1.923	1.882	4.387909091	2003
2003	4/17/2003	4	107	-1.331	1.855	4.294909091	2003
2003	4/18/2003	4	108	0.612	1.47	4.251545455	2003
2003	4/19/2003	4	109	5.36	2.311	4.143818182	2003
2003	4/20/2003	4	110	6.777	2.191	4.151181818	2003
2003	4/21/2003	4	111	1.506	4.274	4.351272727	2003
2003	4/22/2003	4	112	2.338	2.17	4.624818182	2003
2003	4/23/2003	4	113	5.478	1.826	4.701545455	2003
2003	4/24/2003	4	114	9.44	2.294	4.876545455	2003
2003	4/25/2003	4	115	5.484	2.408	5.234636364	2003
2003	4/26/2003	4	116	7.98	1.704	5.319636364	2003
2003	4/27/2003	4	117	14.87	3.518	5.507454545	2003
2003	4/28/2003	4	118	7.77	2.915	6.247	2003
2003	4/29/2003	4	119	5.374	1.774	6.488181818	2003
2003	4/30/2003	4	120	7.64	1.32	6.653090909	2003
2003	5/1/2003	5	121	8.15	2.479	7.151454545	2003
2003	5/2/2003	5	122	6.347	1.456	7.343	2003
2003	5/3/2003	5	123	8.78	1.695	7.555909091	2003
2003	5/4/2003	5	124	10.13	3.347	7.852909091	2003
2003	5/5/2003	5	125	8.76	2.643	8.168454545	2003
2003	5/6/2003	5	126	9.12	1.098	8.004636364	2003
2003	5/7/2003	5	127	10.06	1.618	8.154818182	2003
2003	5/8/2003	5	128	13.01	2.851	8.569454545	2003
2003	5/9/2003	5	129	7.77	3.816	8.673363636	2003
2003	5/10/2003	5	130	11.2	1.881	8.602	2003
2003	5/11/2003	5	131	6.237	6.073	9.0353	2003
2003	5/12/2003	5	132	8.3	3.819	8.6981	2003
2003	5/13/2003	5	133	12.35	1.454	8.7446	2003
2003	5/14/2003	5	134	12.76	1.37	8.9354	2003
2003	5/15/2003	5	135	12.99	1.589	9.2449	2003
2003	5/16/2003	5	136	13.42	1.314	9.4619	2003
2003	5/17/2003	5	137	13.52	1.143	9.6603	2003
2003	5/18/2003	5	138	15.3	3.03	9.7043	2003
2003	5/19/2003	5	139	14.87	3.53	10.0193	2003
2003	5/20/2003	5	140	6.663	3.497	10.3512	2003
2003	5/21/2003	5	141	9.38	2.463	10.2392	2003
2003	5/22/2003	5	142	8.52	1.497	10.3292	2003
2003	5/23/2003	5	143	10.97	1.715	10.5112	2003
2003	5/24/2003	5	144	12.81	2.165	10.8242	2003
2003	5/25/2003	5	145	13.05	2.054	11.0982	2003
2003	5/26/2003	5	146	14.01	1.851	11.3224	2003
2003	5/27/2003	5	147	15.77	0.888	11.4944	2003
2003	5/28/2003	5	148	13.46	2.686	11.6974	2003
2003	5/29/2003	5	149	16.01	1.315	11.7764	2003
2003	5/30/2003	5	150	12.77	3.798	11.8874	2003
2003	5/31/2003	5	151	7.4	3.621	11.6184	2003
2003	11/1/2003	11	305	-0.014	1.422	8.8705	2004
2003	11/2/2003	11	306	1.945	1.273	8.6945	2004
2003	11/3/2003	11	307	-0.528	2.438	8.4345	2004
2003	11/4/2003	11	308	0.233	2.277	7.9955	2004
2003	11/5/2003	11	309	-1.712	2.394	7.7525	2004
2003	11/6/2003	11	310	-4.581	3.3	7.3805	2004
2003	11/7/2003	11	311	-9.07	3.15	6.8215	2004
2003	11/8/2003	11	312	-8.88	1.263	6.3803	2004
2003	11/9/2003	11	313	-2.654	3.759	6.087	2004
2003	11/10/2003	11	314	1.246	4.101	5.8702	2004
2003	11/11/2003	11	315	3.97	2.005	5.8145	2004
2003	11/12/2003	11	316	0.668	3.063	5.6788	2004
2003	11/13/2003	11	317	-3.412	3.423	5.3617	2004
2003	11/14/2003	11	318	1.398	1.643	5.1856	2004
2003	11/15/2003	11	319	1.253	0.831	5.1104	2004
2003	11/16/2003	11	320	2.986	1.022	5.0803	2004
2003	11/17/2003	11	321	5.267	4.089	5.0707	2004
2003	11/18/2003	11	322	6.307	1.245	5.1081	2004
2003	11/19/2003	11	323	2.026	1.725	5.0502	2004
2003	11/20/2003	11	324	5.186	3.794	4.9911	2004
2003	11/21/2003	11	325	-1.691	1.912	4.8106	2004
2003	11/22/2003	11	326	-1.452	3.11	4.6249	2004
2003	11/23/2003	11	327	-0.632	2.795	4.4316	2004
2003	11/24/2003	11	328	-9.51	2.962	4.1132	2004
2003	11/25/2003	11	329	-5.286	4.237	3.7849	2004
2003	11/26/2003	11	330	-2.373	2.113	3.587	2004
2003	11/27/2003	11	331	-0.662	1.831	3.5095	2004
2003	11/28/2003	11	332	-3.819	2.886	3.2947	2004
2003	11/29/2003	11	333	-4.402	3.902	3.0626	2004
2003	11/30/2003	11	334	-1.614	3.473	2.9124	2004
2003	12/1/2003	12	335	-4.574	3.842	2.6158	2004
2003	12/2/2003	12	336	-6.812	1.102	2.2077	2004
2003	12/3/2003	12	337	-6.159	1.069	2.331	2004
2003	12/4/2003	12	338	-3.187	0.755	2.4038	2004
2003	12/5/2003	12	339	-2.166	1.856	2.5388	2004
2003	12/6/2003	12	340	-4.617	1.609	2.5999	2004
2003	12/7/2003	12	341	-2.411	3.878	2.6373	2004
2003	12/8/2003	12	342	0.354	1.817	2.655	2004
2003	12/9/2003	12	343	-0.157	2	2.6442	2004
2003	12/10/2003	12	344	-4.827	4.477	2.6738	2004
2003	12/11/2003	12	345	-13.15	2.362	2.6155	2004
2003	12/12/2003	12	346	-16.37	1.045	2.583	2004
2003	12/13/2003	12	347	-11.05	3.281	2.5583	2004
2003	12/14/2003	12	348	-5.521	3.835	2.5793	2004
2003	12/15/2003	12	349	-4.627	2.61	2.5208	2004
2003	12/16/2003	12	350	-4.318	2.986	2.4625	2004
2003	12/17/2003	12	351	-7.55	1.994	2.443	2004
2003	12/18/2003	12	352	-7.68	2.01	2.441	2004
2003	12/19/2003	12	353	-10.76	2.633	2.4363	2004
2003	12/20/2003	12	354	-8.77	2.844	2.4194	2004
2003	12/21/2003	12	355	-2.634	2.13	2.4186	2004
2003	12/22/2003	12	356	-1.128	1.022	2.3972	2004
2003	12/23/2003	12	357	-7.69	2.63	2.3773	2004
2003	12/24/2003	12	358	-12.42	1.108	2.3601	2004
2003	12/25/2003	12	359	-12.23	0.266	2.3587	2004
2003	12/26/2003	12	360	-5.308	1.927	2.3692	2004
2003	12/27/2003	12	361	3.419	3.865	2.3811	2004
2003	12/28/2003	12	362	3.217	5.155	2.3952	2004
2003	12/29/2003	12	363	-2.267	1.914	2.385	2004
2003	12/30/2003	12	364	-4.902	2.679	2.3624	2004
2003	12/31/2003	12	365	-8.09	3.163	2.3808	2004
2004	1/1/2004	1	1	-6.253	2.083	2.4026	2004
2004	1/2/2004	1	2	-1.011	2.021	2.4238	2004
2004	1/3/2004	1	3	-8.5	3.158	2.4217	2004
2004	1/4/2004	1	4	-11.54	1.979	2.4228	2004
2004	1/5/2004	1	5	-18.88	2.403	2.3933	2004
2004	1/6/2004	1	6	-19.92	3	2.3718	2004
2004	1/7/2004	1	7	-16.61	1.434	2.3665	2004
2004	1/8/2004	1	8	-15.75	0.699	2.3573	2004
2004	1/9/2004	1	9	-13.56	0.591	2.3568	2004
2004	1/10/2004	1	10	-8.78	2.332	2.3492	2004
2004	1/11/2004	1	11	-4.72	1.783	2.3373	2004
2004	1/12/2004	1	12	-5.38	2.188	2.316	2004
2004	1/13/2004	1	13	-12.01	2.068	2.2953	2004
2004	1/14/2004	1	14	-12.2	2.347	2.2916	2004
2004	1/15/2004	1	15	-14.06	1.094	2.2763	2004
2004	1/16/2004	1	16	-12.22	2.197	2.2651	2004
2004	1/17/2004	1	17	-8.75	2.607	2.2586	2004
2004	1/18/2004	1	18	-18.93	2.999	2.2477	2004
2004	1/19/2004	1	19	-16.17	2.205	2.2477	2004
2004	1/20/2004	1	20	-18.19	1.469	2.2237	2004
2004	1/21/2004	1	21	-12.17	3.804	2.225	2004
2004	1/22/2004	1	22	-24.82	2.546	2.1929	2004
2004	1/23/2004	1	23	-18.3	0.908	2.1944	2004
2004	1/24/2004	1	24	-19.7	0.686	2.1934	2004
2004	1/25/2004	1	25	-18.17	1.214	2.1848	2004
2004	1/26/2004	1	26	-10.82	2.09	2.184	2004
2004	1/27/2004	1	27	-11.38	2.354	2.1727	2004
2004	1/28/2004	1	28	-18.53	2.643	2.165	2004
2004	1/29/2004	1	29	-24.79	1.765	2.1535	2004
2004	1/30/2004	1	30	-22.35	2.195	2.1509	2004
2004	1/31/2004	1	31	-14.86	0.533	2.1519	2004
2004	2/1/2004	2	32	-6.901	2.043	2.1477	2004
2004	2/2/2004	2	33	-3.487	1.29	2.1466	2004
2004	2/3/2004	2	34	-12.88	2.427	2.1363	2004
2004	2/4/2004	2	35	-17.82	0.607	2.1226	2004
2004	2/5/2004	2	36	-9.31	0.721	2.1202	2004
2004	2/6/2004	2	37	-5.517	2.424	2.1212	2004
2004	2/7/2004	2	38	-11.38	1.97	2.1104	2004
2004	2/8/2004	2	39	-9.17	3.93	2.0977	2004
2004	2/9/2004	2	40	-6.941	2.41	2.1017	2004
2004	2/10/2004	2	41	-11.79	1.39	2.1015	2004
2004	2/11/2004	2	42	-11.16	1.157	2.0917	2004
2004	2/12/2004	2	43	-10.47	2.267	2.0892	2004
2004	2/13/2004	2	44	-7.32	2.911	2.0897	2004
2004	2/14/2004	2	45	-13.72	3.073	2.0875	2004
2004	2/15/2004	2	46	-19.71	0.668	2.0716	2004
2004	2/16/2004	2	47	-10.06	3.003	2.0711	2004
2004	2/17/2004	2	48	-5.966	1.741	2.0763	2004
2004	2/18/2004	2	49	-1.304	2.759	2.0781	2004
2004	2/19/2004	2	50	-5.307	0.965	2.063	2004
2004	2/20/2004	2	51	-2.996	3.383	2.0722	2004
2004	2/21/2004	2	52	-5.88	2.201	2.0709	2004
2004	2/22/2004	2	53	-8.28	0.679	2.0624	2004
2004	2/23/2004	2	54	-1.05	1.464	2.0629	2004
2004	2/24/2004	2	55	-1.695	0.804	2.0601	2004
2004	2/25/2004	2	56	-8.1	0.891	2.1261	2004
2004	2/26/2004	2	57	-4.366	1.745	2.2803	2004
2004	2/27/2004	2	58	-0.751	2.471	2.3038	2004
2004	2/28/2004	2	59	3.065	3.15	2.3094	2004
2004	2/29/2004	2	60	3.247	0.948	2.308	2004
2004	3/1/2004	3	61	3.467	1.214	2.2865	2004
2004	3/2/2004	3	62	0.58	1.425	2.2756	2004
2004	3/3/2004	3	63	-0.098	2.018	2.2893	2004
2004	3/4/2004	3	64	-0.265	1.77	2.2781	2004
2004	3/5/2004	3	65	-2.476	3.46	2.2711	2004
2004	3/12/2004	3	72	-12.35	1.617	2.2511	2004
2004	3/13/2004	3	73	-6.928	3.971	2.2501	2004
2004	3/14/2004	3	74	-2.716	3.908	2.2635	2004
2004	3/15/2004	3	75	-4.719	0.518	2.2534	2004
2004	3/16/2004	3	76	-5.749	2.383	2.2514	2004
2004	3/17/2004	3	77	-3.004	2.827	2.245	2004
2004	3/18/2004	3	78	-2.164	0.952	2.2382	2004
2004	3/19/2004	3	79	-2.031	3.485	2.2284	2004
2004	3/20/2004	3	80	-0.409	4.926	2.2268	2004
2004	3/21/2004	3	81	-9.82	3.057	2.2209	2004
2004	3/22/2004	3	82	-7.44	3.023	2.2145	2004
2004	3/23/2004	3	83	-0.165	1.546	2.2195	2004
2004	3/24/2004	3	84	1.167	1.632	2.2176	2004
2004	3/25/2004	3	85	5.542	1.871	2.212	2004
2004	3/26/2004	3	86	5.23	1.303	2.2111	2004
2004	3/27/2004	3	87	3.807	2.279	2.2332	2004
2004	3/28/2004	3	88	7.15	3.503	2.2305	2004
2004	3/30/2004	3	90	-1.548	3.102	2.3725	2004
2004	3/31/2004	3	91	-1.588	2.487	2.4578	2004
2004	4/1/2004	4	92	-0.012	1.644	2.5586	2004
2004	4/2/2004	4	93	1.993	1.464	2.6737	2004
2004	4/3/2004	4	94	0.963	4.747	2.7042	2004
2004	4/4/2004	4	95	-0.62	2.095	2.8294	2004
2004	4/5/2004	4	96	2.876	2.945	2.9796	2004
2004	4/6/2004	4	97	6.46	2.275	3.1602	2004
2004	4/7/2004	4	98	5.899	1.446	3.2901	2004
2004	4/8/2004	4	99	1.967	1.863	3.3612	2004
2004	4/9/2004	4	100	-0.074	1.941	3.4853	2004
2004	4/10/2004	4	101	-1.922	1.954	3.4157	2004
2004	4/11/2004	4	102	-2.662	1.603	3.4712	2004
2004	4/12/2004	4	103	-2.554	0.876	3.5858	2004
2004	4/13/2004	4	104	2.315	1.179	3.6788	2004
2004	4/14/2004	4	105	4.422	1.058	3.7758	2004
2004	4/15/2004	4	106	8.91	2.978	3.9614	2004
2004	4/16/2004	4	107	12.79	1.893	4.1282	2004
2004	4/17/2004	4	108	8.55	1.343	4.2236	2004
2004	4/18/2004	4	109	11.39	3.608	4.6053	2004
2004	4/19/2004	4	110	4.241	3.408	4.2973	2004
2004	4/20/2004	4	111	2.991	1.955	4.2437	2004
2004	4/21/2004	4	112	4.425	1.287	4.3595	2004
2004	4/22/2004	4	113	3.612	0.69	4.6238	2004
2004	4/23/2004	4	114	5.597	2.545	4.8897	2004
2004	4/24/2004	4	115	4.064	1.683	4.9742	2004
2004	4/25/2004	4	116	2.942	1.219	4.9323	2004
2004	4/26/2004	4	117	1.548	3.044	5.0254	2004
2004	4/27/2004	4	118	2.331	2.171	5.0679	2004
2004	4/28/2004	4	119	15.13	3.012	5.2531	2004
2004	4/29/2004	4	120	8.36	3.339	5.8047	2004
2004	4/30/2004	4	121	6.095	1.541	6.0359	2004
2004	5/1/2004	5	122	3.58	2.535	6.4032	2004
2004	5/2/2004	5	123	1.661	3.094	6.4989	2004
2004	5/3/2004	5	124	5.305	2.098	6.4747	2004
2004	5/4/2004	5	125	7.88	3.031	6.7947	2004
2004	5/5/2004	5	126	8.78	3.973	6.8536	2004
2004	5/6/2004	5	127	11.27	3.077	7.3875	2004
2004	5/7/2004	5	128	7.42	3.357	7.5545	2004
2004	5/8/2004	5	129	8.28	1.793	7.6214	2004
2004	5/9/2004	5	130	11.71	3.128	7.8159	2004
2004	5/10/2004	5	131	15	2.753	8.591	2004
2004	5/11/2004	5	132	12.99	3.845	8.7331	2004
2004	5/12/2004	5	133	18.19	4.309	9.3179	2004
2004	5/13/2004	5	134	8.15	3.196	9.989	2004
2004	5/14/2004	5	135	3.82	2.855	9.6867	2004
2004	5/15/2004	5	136	7.13	1.464	9.7475	2004
2004	5/16/2004	5	137	14.2	3.913	9.9195	2004
2004	5/17/2004	5	138	12.33	4.238	10.2395	2004
2004	5/18/2004	5	139	11.21	1.203	10.6385	2004
2004	5/19/2004	5	140	14.59	4.111	10.7615	2004
2004	5/20/2004	5	141	15.19	2.535	11.3775	2004
2004	5/21/2004	5	142	9.63	2.051	11.3565	2004
2004	5/22/2004	5	143	9.43	1.945	11.3185	2004
2004	5/23/2004	5	144	7.03	3.604	11.2935	2004
2004	5/24/2004	5	145	6.95	3.131	10.9585	2004
2004	5/25/2004	5	146	10.84	2.343	11.0225	2004
2004	5/26/2004	5	147	14.92	4.046	11.2465	2004
2004	5/27/2004	5	148	9.69	2.703	11.3785	2004
2004	5/28/2004	5	149	9.52	1	11.5405	2004
2004	5/29/2004	5	150	10.43	2.661	11.5975	2004
2004	5/30/2004	5	151	12.21	3.31	11.5765	2004
2004	5/31/2004	5	152	12.01	1.38	11.7455	2004
2004	11/1/2004	11	306	4.323	1.37	9.949166667	2005
2004	11/2/2004	11	307	3.111	1.838	9.799090909	2005
2004	11/3/2004	11	308	2.307	2.309	9.606923077	2005
2004	11/4/2004	11	309	3.019	3.322	9.352307692	2005
2004	11/5/2004	11	310	5.06	2.554	9.051538462	2005
2004	11/6/2004	11	311	7.78	1.498	8.903076923	2005
2004	11/7/2004	11	312	2.241	3.6	8.709285714	2005
2004	11/8/2004	11	313	-1.202	2.058	8.392142857	2005
2004	11/9/2004	11	314	3.29	3.92	8.144615385	2005
2004	11/10/2004	11	315	5.859	3.141	8.022307692	2005
2004	11/11/2004	11	316	-0.904	1.985	7.745	2005
2004	11/12/2004	11	317	-1.367	1.203	7.516923077	2005
2004	11/13/2004	11	318	0.381	2.337	7.332142857	2005
2004	11/14/2004	11	319	2.635	2.388	7.126666667	2005
2004	11/15/2004	11	320	3.887	2.872	6.9945	2005
2004	11/16/2004	11	321	5.667	3.035	6.918666667	2005
2004	11/17/2004	11	322	8.71	0.965	6.956846154	2005
2004	11/18/2004	11	323	5.486	1.32	6.977076923	2005
2004	11/19/2004	11	324	3.277	2.022	6.914916667	2005
2004	11/20/2004	11	325	2.904	2.184	6.812142857	2005
2004	11/21/2004	11	326	-0.382	2.246	6.612714286	2005
2004	11/22/2004	11	327	0.167	3.521	6.407076923	2005
2004	11/23/2004	11	328	0.034	2.836	6.199357143	2005
2004	11/24/2004	11	329	-4.897	1.757	5.910285714	2005
2004	11/25/2004	11	330	-5.192	1.297	5.624714286	2005
2004	11/26/2004	11	331	-1.703	1.656	5.429785714	2005
2004	11/27/2004	11	332	0.243	3.112	5.246428571	2005
2004	11/28/2004	11	333	-2.949	2.518	4.931642857	2005
2004	11/29/2004	11	334	-3.911	2.257	4.813214286	2005
2004	11/30/2004	11	335	-4.464	2.681	4.573571429	2005
2004	12/1/2004	12	336	-5.313	1.955	4.336	2005
2004	12/3/2004	12	338	-2.163	4.655	3.652571429	2005
2004	12/4/2004	12	339	0.578	3.62	3.629428571	2005
2004	12/5/2004	12	340	-6.234	2.436	3.405857143	2005
2004	12/6/2004	12	341	-2.139	2.513	3.113071429	2005
2004	12/7/2004	12	342	0.385	2.026	3.190928571	2005
2004	12/8/2004	12	343	-0.613	3.371	3.012769231	2005
2004	12/9/2004	12	344	0.846	1.742	3.061571429	2005
2004	12/10/2004	12	345	0.188	3.755	2.963928571	2005
2004	12/11/2004	12	346	-3.235	3.118	2.777285714	2005
2004	12/12/2004	12	347	-3.607	4.545	2.626071429	2005
2004	12/13/2004	12	348	-8.53	4.61	2.176214286	2005
2004	12/14/2004	12	349	-11.26	2.297	1.867428571	2005
2004	12/15/2004	12	350	-4.376	3.63	1.799857143	2005
2004	12/16/2004	12	351	-5.641	3.339	1.466785714	2005
2004	12/17/2004	12	352	-10.26	3.189	1.484857143	2005
2004	12/18/2004	12	353	-9.13	4.655	1.477714286	2005
2004	12/19/2004	12	354	-18.45	2.269	1.482	2005
2004	12/20/2004	12	355	-12.5	4.805	1.489285714	2005
2004	12/21/2004	12	356	-10.25	2.049	1.488357143	2005
2004	12/22/2004	12	357	-20.54	1.709	1.501214286	2005
2004	12/23/2004	12	358	-21.07	1.525	1.506857143	2005
2004	12/24/2004	12	359	NA	0.892	1.511714286	2005
2004	12/25/2004	12	360	-19.11	0.706	1.518857143	2005
2004	12/26/2004	12	361	-17.97	0.991	1.523142857	2005
2004	12/27/2004	12	362	-11.56	2.203	1.527714286	2005
2004	12/28/2004	12	363	-6.02	2.156	1.5335	2005
2004	12/29/2004	12	364	-6.636	2.261	1.545142857	2005
2004	12/30/2004	12	365	-0.707	3.383	1.561142857	2005
2004	12/31/2004	12	366	-3.093	4.115	1.576071429	2005
2005	1/1/2005	1	1	-8.31	2.104	1.5835	2005
2005	1/2/2005	1	2	-5.23	1.918	1.592071429	2005
2005	1/3/2005	1	3	-13.8	0.995	1.601571429	2005
2005	1/4/2005	1	4	-13.06	2.047	1.613428571	2005
2005	1/5/2005	1	5	-13.88	1.988	1.624857143	2005
2005	1/6/2005	1	6	-12.05	1.077	1.633857143	2005
2005	1/7/2005	1	7	-12.38	2.812	1.640285714	2005
2005	1/8/2005	1	8	-9.08	2.028	1.642642857	2005
2005	1/9/2005	1	9	-7.98	2.745	1.646428571	2005
2005	1/10/2005	1	10	-11.85	1.327	1.648857143	2005
2005	1/11/2005	1	11	-7.33	0.551	1.649142857	2005
2005	1/12/2005	1	12	-1.596	2.207	1.653285714	2005
2005	1/13/2005	1	13	-12.8	3.027	1.660928571	2005
2005	1/14/2005	1	14	-23.47	2.233	1.645571429	2005
2005	1/15/2005	1	15	-24.75	1.807	1.629857143	2005
2005	1/16/2005	1	16	NA	0.893	1.616428571	2005
2005	1/17/2005	1	17	NA	1.232	1.615285714	2005
2005	1/18/2005	1	18	-17.07	4.71	1.588142857	2005
2005	1/19/2005	1	19	-10.02	3.068	1.642071429	2005
2005	1/20/2005	1	20	-11.03	0.813	1.6595	2005
2005	1/21/2005	1	21	-11.1	2.049	1.682571429	2005
2005	1/22/2005	1	22	-11.86	3.388	1.690785714	2005
2005	1/23/2005	1	23	-14.83	2.985	1.678714286	2005
2005	1/24/2005	1	24	-6.862	1.746	1.683714286	2005
2005	1/25/2005	1	25	-3.008	3.072	1.6895	2005
2005	1/26/2005	1	26	-13.82	2.673	1.692785714	2005
2005	1/27/2005	1	27	-18.67	1.691	1.671785714	2005
2005	1/28/2005	1	28	-8.62	4.17	1.67	2005
2005	1/29/2005	1	29	-4.428	1.648	1.690428571	2005
2005	1/30/2005	1	30	-2.979	1.537	1.708571429	2005
2005	1/31/2005	1	31	-1.951	1.117	1.717071429	2005
2005	2/1/2005	2	32	-1.146	1.903	1.723928571	2005
2005	2/2/2005	2	33	0.314	3.258	1.731428571	2005
2005	2/3/2005	2	34	0.965	1.921	1.727571429	2005
2005	2/4/2005	2	35	1.71	1.53	1.733538462	2005
2005	2/5/2005	2	36	3.743	4.055	1.750071429	2005
2005	2/6/2005	2	37	1.83	2.702	1.748571429	2005
2005	2/7/2005	2	38	-6.618	0.2	1.746571429	2005
2005	2/8/2005	2	39	-9.68	0.2	1.755571429	2005
2005	2/9/2005	2	40	-8.29	0.2	1.736357143	2005
2005	2/10/2005	2	41	-7.39	0.2	1.723071429	2005
2005	2/11/2005	2	42	-0.559	1.229	1.761307692	2005
2005	2/12/2005	2	43	-1.47	0.583	1.775642857	2005
2005	2/13/2005	2	44	-1.942	2.34	1.783214286	2005
2005	2/14/2005	2	45	-1.537	1.831	1.807928571	2005
2005	2/15/2005	2	46	-8.03	2.022	1.808928571	2005
2005	2/16/2005	2	47	-13.9	1.24	1.779642857	2005
2005	2/17/2005	2	48	-15.95	2.046	1.778142857	2005
2005	2/18/2005	2	49	-13.86	1.948	1.771071429	2005
2005	2/19/2005	2	50	-12.28	0.925	1.784285714	2005
2005	2/20/2005	2	51	-6.608	1.633	1.794	2005
2005	2/21/2005	2	52	-6.701	1.813	1.820571429	2005
2005	2/22/2005	2	53	-10.86	0.773	1.826714286	2005
2005	2/23/2005	2	54	-11.44	0.64	1.825571429	2005
2005	2/24/2005	2	55	-10.22	0.848	1.818357143	2005
2005	2/25/2005	2	56	-9.65	1.301	1.827857143	2005
2005	2/26/2005	2	57	-13.05	1.687	1.819785714	2005
2005	2/27/2005	2	58	-5.854	2.932	1.828785714	2005
2005	2/28/2005	2	59	-6.465	2.759	1.841571429	2005
2005	3/1/2005	3	60	-12.11	2.839	1.850857143	2005
2005	3/2/2005	3	61	-13.89	1.243	1.828642857	2005
2005	3/3/2005	3	62	-12.36	1.061	1.813857143	2005
2005	3/4/2005	3	63	-5.583	0.852	1.826	2005
2005	3/5/2005	3	64	-2.775	1.885	1.851214286	2005
2005	3/6/2005	3	65	5.301	2.348	2.028692308	2005
2005	3/7/2005	3	66	-9.39	4.095	1.886214286	2005
2005	3/8/2005	3	67	-14.37	1.707	1.881642857	2005
2005	3/9/2005	3	68	-13.75	1.501	1.823357143	2005
2005	3/10/2005	3	69	-7.32	2.031	1.814714286	2005
2005	3/11/2005	3	70	-9.17	2.279	1.840071429	2005
2005	3/12/2005	3	71	-14.6	1.735	1.8445	2005
2005	3/15/2005	3	74	-8.32	0.946	1.853857143	2005
2005	3/16/2005	3	75	-8.68	0.718	1.8705	2005
2005	3/17/2005	3	76	-7.97	0.737	1.886642857	2005
2005	3/18/2005	3	77	-9.34	1.462	1.803428571	2005
2005	3/19/2005	3	78	-4.584	2.749	1.844428571	2005
2005	3/20/2005	3	79	-4.622	1.941	1.893857143	2005
2005	3/21/2005	3	80	-4.489	1.074	1.906	2005
2005	3/22/2005	3	81	-4.101	0.915	1.895071429	2005
2005	3/23/2005	3	82	-2.13	0.65	1.891785714	2005
2005	3/24/2005	3	83	0.216	1.825	1.912071429	2005
2005	3/25/2005	3	84	-3.237	0.694	2.110846154	2005
2005	3/26/2005	3	85	-1.39	1.45	1.956307692	2005
2005	3/27/2005	3	86	2.601	2.201	1.968857143	2005
2005	3/28/2005	3	87	6.602	1.029	2.154769231	2005
2005	3/29/2005	3	88	9.69	3.82	2.054	2005
2005	3/30/2005	3	89	10.32	2.734	2.1875	2005
2005	3/31/2005	3	90	2.913	3.178	2.257785714	2005
2005	4/1/2005	4	91	0.718	1.067	2.332	2005
2005	4/2/2005	4	92	1.599	0.948	2.594692308	2005
2005	4/3/2005	4	93	4.588	1.066	2.5295	2005
2005	4/4/2005	4	94	6.255	2.516	2.6555	2005
2005	4/5/2005	4	95	10.42	1.978	2.792428571	2005
2005	4/6/2005	4	96	4.056	2.098	2.851428571	2005
2005	4/7/2005	4	97	5.285	1.364	2.974076923	2005
2005	4/8/2005	4	98	7.81	2.458	3.129083333	2005
2005	4/9/2005	4	99	10.78	3.282	3.241615385	2005
2005	4/10/2005	4	100	12.75	2.208	3.600692308	2005
2005	4/11/2005	4	101	9.78	2.766	3.84575	2005
2005	4/12/2005	4	102	7.7	2.153	3.914615385	2005
2005	4/13/2005	4	103	5.532	1.496	3.914071429	2005
2005	4/14/2005	4	104	8.72	1.592	4.254538462	2005
2005	4/15/2005	4	105	10.69	2.773	5.044571429	2005
2005	4/16/2005	4	106	10.37	2.299	4.500714286	2005
2005	4/17/2005	4	107	11.3	1.447	5.034785714	2005
2005	4/18/2005	4	108	16.43	2.889	5.047230769	2005
2005	4/19/2005	4	109	14.94	2.219	5.737714286	2005
2005	4/20/2005	4	110	5.706	3.466	6.3055	2005
2005	4/21/2005	4	111	6.735	0.979	6.312076923	2005
2005	4/22/2005	4	112	1.663	4.89	6.790714286	2005
2005	4/23/2005	4	113	-0.311	6	6.473642857	2005
2005	4/24/2005	4	114	2.768	4.64	6.216642857	2005
2005	4/25/2005	4	115	4.417	1.708	6.128142857	2005
2005	4/26/2005	4	116	1.16	2.086	6.226214286	2005
2005	4/27/2005	4	117	0.533	1.99	6.222142857	2005
2005	4/28/2005	4	118	2.621	1.491	6.141357143	2005
2005	4/29/2005	4	119	3.036	1.258	6.216857143	2005
2005	4/30/2005	4	120	2.286	1.366	6.302928571	2005
2005	5/1/2005	5	121	1.428	1.818	6.248714286	2005
2005	5/2/2005	5	122	-0.417	2.463	6.221714286	2005
2005	5/3/2005	5	123	2.985	1.546	6.258846154	2005
2005	5/4/2005	5	124	7.5	1.773	6.443333333	2005
2005	5/5/2005	5	125	13.18	3.945	6.510428571	2005
2005	5/6/2005	5	126	12.78	2.084	7.185928571	2005
2005	5/7/2005	5	127	12.26	2.555	7.446076923	2005
2005	5/8/2005	5	128	15.75	3.329	7.636	2005
2005	5/9/2005	5	129	16.48	3.72	7.972230769	2005
2005	5/10/2005	5	130	13.01	1.927	8.060181818	2005
2005	5/11/2005	5	131	4.296	3.9	8.668214286	2005
2005	5/12/2005	5	132	3.087	3.329	8.290428571	2005
2005	5/13/2005	5	133	4.869	2.571	8.119428571	2005
2005	5/14/2005	5	134	5.162	2.285	8.222642857	2005
2005	5/15/2005	5	135	3.821	3.06	8.394785714	2005
2005	5/16/2005	5	136	7.37	0.862	8.223454545	2005
2005	5/17/2005	5	137	10.87	1.874	8.411785714	2005
2005	5/18/2005	5	138	13.07	3.012	8.52275	2005
2005	5/19/2005	5	139	10.5	3.047	8.714769231	2005
2005	5/20/2005	5	140	13.97	1.385	9.133916667	2005
2005	5/21/2005	5	141	15.92	3.476	9.4065	2005
2005	5/22/2005	5	142	13.64	2.065	9.547272727	2005
2005	5/23/2005	5	143	12.19	2.785	10.04384615	2005
2005	5/24/2005	5	144	14.22	1.059	10.0625	2005
2005	5/25/2005	5	145	15.64	2.585	10.29818182	2005
2005	5/26/2005	5	146	12.27	2.904	10.63636364	2005
2005	5/27/2005	5	147	9.81	1.516	10.92307692	2005
2005	5/28/2005	5	148	10.22	1.127	11.10333333	2005
2005	5/29/2005	5	149	12.66	1.077	11.26	2005
2005	5/30/2005	5	150	13.26	1.783	11.28833333	2005
2005	5/31/2005	5	151	16.59	1.052	11.73153846	2005
2005	11/1/2005	11	305	4.833	1.458	11.02307692	2006
2005	11/2/2005	11	306	7.3	2.842	10.85384615	2006
2005	11/3/2005	11	307	7.26	1.918	10.67384615	2006
2005	11/4/2005	11	308	4.935	1.713	10.51857143	2006
2005	11/5/2005	11	309	4.689	1.933	10.27928571	2006
2005	11/6/2005	11	310	3.191	2.935	10.08285714	2006
2005	11/7/2005	11	311	5.093	1.342	9.847857143	2006
2005	11/8/2005	11	312	5.44	2.812	9.795833333	2006
2005	11/9/2005	11	313	3.548	4.5	9.548181818	2006
2005	11/10/2005	11	314	1.426	1.676	9.098571429	2006
2005	11/11/2005	11	315	6.248	2.048	8.933846154	2006
2005	11/12/2005	11	316	9.64	3.364	8.822142857	2006
2005	11/13/2005	11	317	3.104	3.91	8.78	2006
2005	11/14/2005	11	318	-0.456	2	8.48	2006
2005	11/15/2005	11	319	0.918	2.718	8.3075	2006
2005	11/16/2005	11	320	-5.073	3.426	8.0625	2006
2005	11/17/2005	11	321	-11.01	2.274	8.015833333	2006
2005	11/18/2005	11	322	-5.515	2.309	7.663333333	2006
2005	11/19/2005	11	323	0.723	1.751	6.650142857	2006
2005	11/20/2005	11	324	-0.373	2.099	6.511785714	2006
2005	11/21/2005	11	325	0.456	2.949	6.312357143	2006
2005	11/22/2005	11	326	-4.582	1.958	5.980571429	2006
2005	11/23/2005	11	327	-3.184	4.285	5.707571429	2006
2005	11/24/2005	11	328	-12.52	2.961	4.902071429	2006
2005	11/25/2005	11	329	-10.83	0.527	4.4735	2006
2005	11/26/2005	11	330	-8.62	2.196	4.2375	2006
2005	11/27/2005	11	331	1.65	3.177	4.063785714	2006
2005	11/28/2005	11	332	5.302	2.722	4.089357143	2006
2005	11/29/2005	11	333	-2.687	2.641	4.043857143	2006
2005	11/30/2005	11	334	-8.8	1.425	3.726071429	2006
2005	12/1/2005	12	335	-9.38	2.045	3.505428571	2006
2005	12/2/2005	12	336	-12.79	1.728	3.145785714	2006
2005	12/3/2005	12	337	-11.34	0.77	3.057	2006
2005	12/4/2005	12	338	-13.8	1.971	3.031928571	2006
2005	12/5/2005	12	339	-17.28	1.448	2.910142857	2006
2005	12/6/2005	12	340	-17.31	0.884	2.885214286	2006
2005	12/7/2005	12	341	-9.76	0.591	2.949285714	2006
2005	12/8/2005	12	342	-11.42	0.572	2.883857143	2006
2005	12/9/2005	12	343	-9.72	2.243	2.847928571	2006
2005	12/10/2005	12	344	-7.16	2.632	2.907428571	2006
2005	12/11/2005	12	345	-9.68	1.755	2.961153846	2006
2005	12/12/2005	12	346	-11.45	0.824	2.972	2006
2005	12/13/2005	12	347	-5.676	3.026	3.000428571	2006
2005	12/14/2005	12	348	-3.678	5.16	3.113071429	2006
2005	12/16/2005	12	350	-5.197	NA	3.0183	2006
2005	12/17/2005	12	351	-13.01	NA	3.138071429	2006
2005	12/18/2005	12	352	-15.95	NA	3.099214286	2006
2005	12/19/2005	12	353	-14.13	NA	3.107428571	2006
2005	12/20/2005	12	354	-9.61	NA	3.124428571	2006
2005	12/21/2005	12	355	-10.2	NA	3.115142857	2006
2005	12/22/2005	12	356	-2.164	0.359	3.101214286	2006
2005	12/23/2005	12	357	0.076	0.428	3.141785714	2006
2005	12/24/2005	12	358	0.142	1.313	3.147285714	2006
2005	12/25/2005	12	359	0.017	1.206	3.151928571	2006
2005	12/26/2005	12	360	-2.128	1.729	3.154	2006
2005	12/27/2005	12	361	-2.3	1.025	3.170285714	2006
2005	12/28/2005	12	362	-1.181	2.555	3.166	2006
2005	12/29/2005	12	363	-4.309	2.304	3.171142857	2006
2005	12/30/2005	12	364	-3.599	2.735	3.179428571	2006
2005	12/31/2005	12	365	-2.626	0.526	3.170928571	2006
2006	1/1/2006	1	1	-1.81	1.39	3.180928571	2006
2006	1/2/2006	1	2	-0.841	2.008	3.169857143	2006
2006	1/3/2006	1	3	-0.25	1.411	3.205928571	2006
2006	1/4/2006	1	4	-0.181	1.715	3.224357143	2006
2006	1/5/2006	1	5	-4.428	3.762	3.166307692	2006
2006	1/6/2006	1	6	-5.475	1.927	3.189428571	2006
2006	1/7/2006	1	7	-3.502	1.295	3.189307692	2006
2006	1/8/2006	1	8	-3.616	1.596	3.233428571	2006
2006	1/9/2006	1	9	-7.009	1.492	3.166153846	2006
2006	1/10/2006	1	10	-7.324	2.735	3.2155	2006
2006	1/11/2006	1	11	-2.857	1.75	3.212285714	2006
2006	1/12/2006	1	12	-1.101	0.854	3.225571429	2006
2006	1/13/2006	1	13	-2.18	4.288	3.221071429	2006
2006	1/14/2006	1	14	-5.205	1.57	3.240714286	2006
2006	1/15/2006	1	15	-2.994	5.842	3.235214286	2006
2006	1/16/2006	1	16	-3.267	3.79	3.238	2006
2006	1/17/2006	1	17	-5.652	1.247	3.233571429	2006
2006	1/18/2006	1	18	-13.59	1.238	3.241642857	2006
2006	1/19/2006	1	19	-9.602	0.686	3.231214286	2006
2006	1/20/2006	1	20	-7.395	0.907	3.227571429	2006
2006	1/21/2006	1	21	-8.603	1.629	3.225857143	2006
2006	1/22/2006	1	22	-3.799	1.992	3.230928571	2006
2006	1/23/2006	1	23	-7.199	2.409	3.243428571	2006
2006	1/24/2006	1	24	-3.264	3.792	3.250857143	2006
2006	1/25/2006	1	25	-6.495	1.642	3.2615	2006
2006	1/26/2006	1	26	-3.144	3.243	3.249642857	2006
2006	1/27/2006	1	27	4.223	3.275	3.259785714	2006
2006	1/28/2006	1	28	-1.663	1.079	3.267357143	2006
2006	1/29/2006	1	29	-1.331	2.769	3.263571429	2006
2006	1/30/2006	1	30	-6.523	2.611	3.262357143	2006
2006	1/31/2006	1	31	-8.334	1.314	3.256285714	2006
2006	2/1/2006	2	32	-2.397	2.144	3.262214286	2006
2006	2/2/2006	2	33	-2.484	2.531	3.281428571	2006
2006	2/3/2006	2	34	-2.358	2.516	3.288642857	2006
2006	2/4/2006	2	35	-7.829	4.892	3.275571429	2006
2006	2/5/2006	2	36	-8.509	3.739	3.260357143	2006
2006	2/6/2006	2	37	-10.213	2.388	3.250642857	2006
2006	2/7/2006	2	38	-13.815	1.282	3.127615385	2006
2006	2/8/2006	2	39	-11.988	1.193	3.253571429	2006
2006	2/9/2006	2	40	-11.823	1.303	3.267285714	2006
2006	2/10/2006	2	41	-7.021	0.894	3.264	2006
2006	2/11/2006	2	42	-8.83	0.908	3.272714286	2006
2006	2/12/2006	2	43	-10.372	1.645	3.27	2006
2006	2/13/2006	2	44	-10.385	0.999	3.259071429	2006
2006	2/14/2006	2	45	-4.4	1.951	3.258857143	2006
2006	2/15/2006	2	46	-12.048	1.05	3.4478	2006
2006	2/16/2006	2	47	-11.443	3.01	3.275357143	2006
2006	2/17/2006	2	48	-19.759	2.582	NA	2006
2006	2/18/2006	2	49	-22.258	1.623	NA	2006
2006	2/19/2006	2	50	-14.345	2.356	NA	2006
2006	2/20/2006	2	51	-8.655	2.314	NA	2006
2006	2/21/2006	2	52	-8.404	1.854	NA	2006
2006	2/22/2006	2	53	-4.461	1.559	3.7525	2006
2006	2/23/2006	2	54	-9.781	2.063	NA	2006
2006	2/24/2006	2	55	-14.381	1.501	NA	2006
2006	2/25/2006	2	56	-12.806	2.268	NA	2006
2006	2/26/2006	2	57	-16.425	0.892	NA	2006
2006	2/27/2006	2	58	-12.543	1.012	NA	2006
2006	2/28/2006	2	59	-10.725	0.533	3.281142857	2006
2006	3/1/2006	3	60	-1.401	1.104	3.257	2006
2006	3/2/2006	3	61	-6.862	2.4	3.275	2006
2006	3/3/2006	3	62	-9.159	1.175	3.280571429	2006
2006	3/4/2006	3	63	-12.965	0.5	3.324	2006
2006	3/5/2006	3	64	-7.02	1.383	3.261857143	2006
2006	3/6/2006	3	65	-3.163	0.667	3.564416667	2006
2006	3/7/2006	3	66	-2.502	2.579	3.58125	2006
2006	3/8/2006	3	67	1.166	1.05	3.61125	2006
2006	3/9/2006	3	68	2.474	1.222	3.5915	2006
2006	3/10/2006	3	69	2.522	1.592	3.42725	2006
2006	3/11/2006	3	70	4.54	3.249	3.332	2006
2006	11/1/2006	11	305	-3.223	2.996	7.456333333	2007
2006	11/2/2006	11	306	-3.769	2.671	7.099533333	2007
2006	11/3/2006	11	307	-2.852	1.813	6.821933333	2007
2006	11/4/2006	11	308	0.588	1.978	6.619733333	2007
2006	11/5/2006	11	309	4.973	1.905	6.552857143	2007
2006	11/6/2006	11	310	7.74	3.414	6.533928571	2007
